   0.0000000e+00   0.0000000e+00
   7.2820000e+00   1.0300000e-01
   1.4110000e+01   8.3300000e-01
   2.1400000e+01   1.2530000e+00
   2.8700000e+01   2.4130000e+00
   3.6410000e+01   3.6800000e+00
   4.2330000e+01   5.4600000e+00
   4.9610000e+01   7.3600000e+00
   5.6900000e+01   9.9000000e+00
   6.3720000e+01   1.1680000e+01
   7.0540000e+01   1.3680000e+01
   7.7370000e+01   1.5570000e+01
   8.4650000e+01   1.7580000e+01
   9.1930000e+01   1.8950000e+01
   9.8760000e+01   2.0310000e+01
   1.0600000e+02   2.1580000e+01
   1.1330000e+02   2.2840000e+01
   1.2060000e+02   2.4220000e+01
   1.2698000e+02   2.4730000e+01
   1.3380000e+02   2.5670000e+01
   1.4110000e+02   2.6400000e+01
   1.4790000e+02   2.6900000e+01
   1.5520000e+02   2.7980000e+01
   1.6160000e+02   2.8400000e+01
   1.6885000e+02   2.8700000e+01
   1.7610000e+02   2.9440000e+01
   1.8340000e+02   2.9650000e+01
   1.8979000e+02   3.0260000e+01
   1.9710000e+02   3.0370000e+01
   2.0390000e+02   3.0680000e+01
   2.1120000e+02   3.1300000e+01
   2.1850000e+02   3.1400000e+01
   2.2530000e+02   3.1900000e+01
   2.3170000e+02   3.2550000e+01
   2.3940000e+02   3.2660000e+01
   2.4620000e+02   3.3810000e+01
   2.5260000e+02   3.2320000e+01
   2.6720000e+02   3.3260000e+01
   2.8810000e+02   3.3980000e+01
   3.0900000e+02   3.3640000e+01
   3.3040000e+02   3.4570000e+01
   3.4450000e+02   3.4450000e+01